{
 "cells": [
  {
   "cell_type": "markdown",
   "metadata": {},
   "source": [
    "# Housing Dataset Analysis\n",
    "\n",
    "## Introduction\n",
    "In this project we are going to perform a linear Regression analysis that's going to cover both inferential modeling and predictive modeling. At the end of the analysis we are going to provide a final report on all of our findings."
   ]
  },
  {
   "cell_type": "markdown",
   "metadata": {},
   "source": [
    "## Business Understanding\n",
    "Our client is a real estate agency suituated in King County, Washington that helps homewoners buy / or sell homes. They are looking to get a better understanding on what features about a house are the most important when trying to estimate a homes price in that area and they also what you to come up with a pricing algorithm that can help them to determine the pricing of future homes."
   ]
  },
  {
   "cell_type": "markdown",
   "metadata": {},
   "source": [
    "## Data Understanding\n",
    "\n",
    "We have been provided access to data containing information on over 10,000 homes together with their respective attributes. The datasets are contained in the Data folder where:\n",
    " 1. kc_house_data.csv contains data on the different homes together with their attributes\n",
    " 2. column_names.md contains a breakdown on the Column Names and their descriptions for Kings County Data Set"
   ]
  },
  {
   "cell_type": "markdown",
   "metadata": {},
   "source": [
    "## Load the Data\n",
    " \n",
    " In the cells below, load the relevant libraries and load the data"
   ]
  },
  {
   "cell_type": "code",
   "execution_count": 1,
   "metadata": {},
   "outputs": [],
   "source": [
    "# load the imports\n",
    "import pandas as pd \n",
    "import numpy as np\n",
    "import matplotlib.pyplot as plt\n",
    "%matplotlib inline\n",
    "import seaborn as sns\n",
    "sns.set_style('darkgrid')\n",
    "\n",
    "from statsmodels.formula.api import ols\n",
    "from statsmodels.stats.outliers_influence import variance_inflation_factor\n",
    "import statsmodels.api as sm\n",
    "import scipy.stats as stats\n",
    "from sklearn.model_selection import train_test_split"
   ]
  },
  {
   "cell_type": "code",
   "execution_count": 2,
   "metadata": {},
   "outputs": [
    {
     "data": {
      "text/html": [
       "<div>\n",
       "<style scoped>\n",
       "    .dataframe tbody tr th:only-of-type {\n",
       "        vertical-align: middle;\n",
       "    }\n",
       "\n",
       "    .dataframe tbody tr th {\n",
       "        vertical-align: top;\n",
       "    }\n",
       "\n",
       "    .dataframe thead th {\n",
       "        text-align: right;\n",
       "    }\n",
       "</style>\n",
       "<table border=\"1\" class=\"dataframe\">\n",
       "  <thead>\n",
       "    <tr style=\"text-align: right;\">\n",
       "      <th></th>\n",
       "      <th>id</th>\n",
       "      <th>date</th>\n",
       "      <th>price</th>\n",
       "      <th>bedrooms</th>\n",
       "      <th>bathrooms</th>\n",
       "      <th>sqft_living</th>\n",
       "      <th>sqft_lot</th>\n",
       "      <th>floors</th>\n",
       "      <th>waterfront</th>\n",
       "      <th>view</th>\n",
       "      <th>...</th>\n",
       "      <th>grade</th>\n",
       "      <th>sqft_above</th>\n",
       "      <th>sqft_basement</th>\n",
       "      <th>yr_built</th>\n",
       "      <th>yr_renovated</th>\n",
       "      <th>zipcode</th>\n",
       "      <th>lat</th>\n",
       "      <th>long</th>\n",
       "      <th>sqft_living15</th>\n",
       "      <th>sqft_lot15</th>\n",
       "    </tr>\n",
       "  </thead>\n",
       "  <tbody>\n",
       "    <tr>\n",
       "      <th>0</th>\n",
       "      <td>7129300520</td>\n",
       "      <td>10/13/2014</td>\n",
       "      <td>221900</td>\n",
       "      <td>3</td>\n",
       "      <td>1.00</td>\n",
       "      <td>1180</td>\n",
       "      <td>5650</td>\n",
       "      <td>1.0</td>\n",
       "      <td>NaN</td>\n",
       "      <td>0.0</td>\n",
       "      <td>...</td>\n",
       "      <td>7</td>\n",
       "      <td>1180</td>\n",
       "      <td>0</td>\n",
       "      <td>1955</td>\n",
       "      <td>0.0</td>\n",
       "      <td>98178</td>\n",
       "      <td>47.5112</td>\n",
       "      <td>-122.257</td>\n",
       "      <td>1340</td>\n",
       "      <td>5650</td>\n",
       "    </tr>\n",
       "    <tr>\n",
       "      <th>1</th>\n",
       "      <td>6414100192</td>\n",
       "      <td>12/9/2014</td>\n",
       "      <td>538000</td>\n",
       "      <td>3</td>\n",
       "      <td>2.25</td>\n",
       "      <td>2570</td>\n",
       "      <td>7242</td>\n",
       "      <td>2.0</td>\n",
       "      <td>0.0</td>\n",
       "      <td>0.0</td>\n",
       "      <td>...</td>\n",
       "      <td>7</td>\n",
       "      <td>2170</td>\n",
       "      <td>400</td>\n",
       "      <td>1951</td>\n",
       "      <td>1991.0</td>\n",
       "      <td>98125</td>\n",
       "      <td>47.7210</td>\n",
       "      <td>-122.319</td>\n",
       "      <td>1690</td>\n",
       "      <td>7639</td>\n",
       "    </tr>\n",
       "    <tr>\n",
       "      <th>2</th>\n",
       "      <td>5631500400</td>\n",
       "      <td>2/25/2015</td>\n",
       "      <td>180000</td>\n",
       "      <td>2</td>\n",
       "      <td>1.00</td>\n",
       "      <td>770</td>\n",
       "      <td>10000</td>\n",
       "      <td>1.0</td>\n",
       "      <td>0.0</td>\n",
       "      <td>0.0</td>\n",
       "      <td>...</td>\n",
       "      <td>6</td>\n",
       "      <td>770</td>\n",
       "      <td>0</td>\n",
       "      <td>1933</td>\n",
       "      <td>NaN</td>\n",
       "      <td>98028</td>\n",
       "      <td>47.7379</td>\n",
       "      <td>-122.233</td>\n",
       "      <td>2720</td>\n",
       "      <td>8062</td>\n",
       "    </tr>\n",
       "    <tr>\n",
       "      <th>3</th>\n",
       "      <td>2487200875</td>\n",
       "      <td>12/9/2014</td>\n",
       "      <td>604000</td>\n",
       "      <td>4</td>\n",
       "      <td>3.00</td>\n",
       "      <td>1960</td>\n",
       "      <td>5000</td>\n",
       "      <td>1.0</td>\n",
       "      <td>0.0</td>\n",
       "      <td>0.0</td>\n",
       "      <td>...</td>\n",
       "      <td>7</td>\n",
       "      <td>1050</td>\n",
       "      <td>910</td>\n",
       "      <td>1965</td>\n",
       "      <td>0.0</td>\n",
       "      <td>98136</td>\n",
       "      <td>47.5208</td>\n",
       "      <td>-122.393</td>\n",
       "      <td>1360</td>\n",
       "      <td>5000</td>\n",
       "    </tr>\n",
       "    <tr>\n",
       "      <th>4</th>\n",
       "      <td>1954400510</td>\n",
       "      <td>2/18/2015</td>\n",
       "      <td>510000</td>\n",
       "      <td>3</td>\n",
       "      <td>2.00</td>\n",
       "      <td>1680</td>\n",
       "      <td>8080</td>\n",
       "      <td>1.0</td>\n",
       "      <td>0.0</td>\n",
       "      <td>0.0</td>\n",
       "      <td>...</td>\n",
       "      <td>8</td>\n",
       "      <td>1680</td>\n",
       "      <td>0</td>\n",
       "      <td>1987</td>\n",
       "      <td>0.0</td>\n",
       "      <td>98074</td>\n",
       "      <td>47.6168</td>\n",
       "      <td>-122.045</td>\n",
       "      <td>1800</td>\n",
       "      <td>7503</td>\n",
       "    </tr>\n",
       "  </tbody>\n",
       "</table>\n",
       "<p>5 rows × 21 columns</p>\n",
       "</div>"
      ],
      "text/plain": [
       "           id        date   price  bedrooms  bathrooms  sqft_living  sqft_lot  \\\n",
       "0  7129300520  10/13/2014  221900         3       1.00         1180      5650   \n",
       "1  6414100192   12/9/2014  538000         3       2.25         2570      7242   \n",
       "2  5631500400   2/25/2015  180000         2       1.00          770     10000   \n",
       "3  2487200875   12/9/2014  604000         4       3.00         1960      5000   \n",
       "4  1954400510   2/18/2015  510000         3       2.00         1680      8080   \n",
       "\n",
       "   floors  waterfront  view  ...  grade  sqft_above  sqft_basement yr_built  \\\n",
       "0     1.0         NaN   0.0  ...      7        1180              0     1955   \n",
       "1     2.0         0.0   0.0  ...      7        2170            400     1951   \n",
       "2     1.0         0.0   0.0  ...      6         770              0     1933   \n",
       "3     1.0         0.0   0.0  ...      7        1050            910     1965   \n",
       "4     1.0         0.0   0.0  ...      8        1680              0     1987   \n",
       "\n",
       "   yr_renovated  zipcode      lat     long  sqft_living15  sqft_lot15  \n",
       "0           0.0    98178  47.5112 -122.257           1340        5650  \n",
       "1        1991.0    98125  47.7210 -122.319           1690        7639  \n",
       "2           NaN    98028  47.7379 -122.233           2720        8062  \n",
       "3           0.0    98136  47.5208 -122.393           1360        5000  \n",
       "4           0.0    98074  47.6168 -122.045           1800        7503  \n",
       "\n",
       "[5 rows x 21 columns]"
      ]
     },
     "execution_count": 2,
     "metadata": {},
     "output_type": "execute_result"
    }
   ],
   "source": [
    "# Load the data\n",
    "data = pd.read_csv('Data/kc_house_data.csv')\n",
    "data.head()"
   ]
  },
  {
   "cell_type": "markdown",
   "metadata": {},
   "source": [
    "## Data Cleaning"
   ]
  },
  {
   "cell_type": "markdown",
   "metadata": {},
   "source": [
    "### Check the Data"
   ]
  },
  {
   "cell_type": "code",
   "execution_count": 3,
   "metadata": {},
   "outputs": [
    {
     "name": "stdout",
     "output_type": "stream",
     "text": [
      "<class 'pandas.core.frame.DataFrame'>\n",
      "RangeIndex: 21597 entries, 0 to 21596\n",
      "Data columns (total 21 columns):\n",
      " #   Column         Non-Null Count  Dtype  \n",
      "---  ------         --------------  -----  \n",
      " 0   id             21597 non-null  int64  \n",
      " 1   date           21597 non-null  object \n",
      " 2   price          21597 non-null  int64  \n",
      " 3   bedrooms       21597 non-null  int64  \n",
      " 4   bathrooms      21597 non-null  float64\n",
      " 5   sqft_living    21597 non-null  int64  \n",
      " 6   sqft_lot       21597 non-null  int64  \n",
      " 7   floors         21597 non-null  float64\n",
      " 8   waterfront     19221 non-null  float64\n",
      " 9   view           21534 non-null  float64\n",
      " 10  condition      21597 non-null  int64  \n",
      " 11  grade          21597 non-null  int64  \n",
      " 12  sqft_above     21597 non-null  int64  \n",
      " 13  sqft_basement  21597 non-null  object \n",
      " 14  yr_built       21597 non-null  int64  \n",
      " 15  yr_renovated   17755 non-null  float64\n",
      " 16  zipcode        21597 non-null  int64  \n",
      " 17  lat            21597 non-null  float64\n",
      " 18  long           21597 non-null  float64\n",
      " 19  sqft_living15  21597 non-null  int64  \n",
      " 20  sqft_lot15     21597 non-null  int64  \n",
      "dtypes: float64(7), int64(12), object(2)\n",
      "memory usage: 3.5+ MB\n"
     ]
    }
   ],
   "source": [
    "data.info()"
   ]
  },
  {
   "cell_type": "markdown",
   "metadata": {},
   "source": [
    "Based on the summary above, the columns are made up of 21 columns with 21597 entries. There are three columns with missing values(waterfront, view, yr_renovated). The column data types are mainly int64, float64, with  2 columns with the object data type.\n",
    "\n",
    "Below, i dropped the id and date columns as they won't be used when carrying out the analysis."
   ]
  },
  {
   "cell_type": "code",
   "execution_count": 4,
   "metadata": {},
   "outputs": [],
   "source": [
    "data.drop(['id', 'date'], axis=1, inplace=True)"
   ]
  },
  {
   "cell_type": "markdown",
   "metadata": {},
   "source": [
    "### Check for Null values."
   ]
  },
  {
   "cell_type": "code",
   "execution_count": 5,
   "metadata": {},
   "outputs": [
    {
     "data": {
      "text/plain": [
       "price               0\n",
       "bedrooms            0\n",
       "bathrooms           0\n",
       "sqft_living         0\n",
       "sqft_lot            0\n",
       "floors              0\n",
       "waterfront       2376\n",
       "view               63\n",
       "condition           0\n",
       "grade               0\n",
       "sqft_above          0\n",
       "sqft_basement       0\n",
       "yr_built            0\n",
       "yr_renovated     3842\n",
       "zipcode             0\n",
       "lat                 0\n",
       "long                0\n",
       "sqft_living15       0\n",
       "sqft_lot15          0\n",
       "dtype: int64"
      ]
     },
     "execution_count": 5,
     "metadata": {},
     "output_type": "execute_result"
    }
   ],
   "source": [
    "data.isna().sum()"
   ]
  },
  {
   "cell_type": "markdown",
   "metadata": {},
   "source": [
    "As concluded above there are three columns with missing values, i will then drop the rows with missing values.\n"
   ]
  },
  {
   "cell_type": "code",
   "execution_count": 6,
   "metadata": {},
   "outputs": [],
   "source": [
    "data = data.dropna()"
   ]
  },
  {
   "cell_type": "code",
   "execution_count": 7,
   "metadata": {},
   "outputs": [
    {
     "name": "stdout",
     "output_type": "stream",
     "text": [
      "<class 'pandas.core.frame.DataFrame'>\n",
      "Int64Index: 15762 entries, 1 to 21596\n",
      "Data columns (total 19 columns):\n",
      " #   Column         Non-Null Count  Dtype  \n",
      "---  ------         --------------  -----  \n",
      " 0   price          15762 non-null  int64  \n",
      " 1   bedrooms       15762 non-null  int64  \n",
      " 2   bathrooms      15762 non-null  float64\n",
      " 3   sqft_living    15762 non-null  int64  \n",
      " 4   sqft_lot       15762 non-null  int64  \n",
      " 5   floors         15762 non-null  float64\n",
      " 6   waterfront     15762 non-null  float64\n",
      " 7   view           15762 non-null  float64\n",
      " 8   condition      15762 non-null  int64  \n",
      " 9   grade          15762 non-null  int64  \n",
      " 10  sqft_above     15762 non-null  int64  \n",
      " 11  sqft_basement  15762 non-null  object \n",
      " 12  yr_built       15762 non-null  int64  \n",
      " 13  yr_renovated   15762 non-null  float64\n",
      " 14  zipcode        15762 non-null  int64  \n",
      " 15  lat            15762 non-null  float64\n",
      " 16  long           15762 non-null  float64\n",
      " 17  sqft_living15  15762 non-null  int64  \n",
      " 18  sqft_lot15     15762 non-null  int64  \n",
      "dtypes: float64(7), int64(11), object(1)\n",
      "memory usage: 2.4+ MB\n"
     ]
    }
   ],
   "source": [
    "data.info()"
   ]
  },
  {
   "cell_type": "markdown",
   "metadata": {},
   "source": [
    "### Check For Multicollinearity\n",
    "\n",
    "Multicollinearity describes the relationship between two predictors. In this case our predictors are every other attributes excluding the price which is our target variable. This affects a linear regression model because if two predictors are highly correlated with the target and also highly correlated with each other, it will be hard to distinguish the effects of one predictor variable on target and the other predictor variable on the target. \n",
    "\n",
    "This reduces the performance of a linear regression model. Therefore, it is important to check a for multicollinearity before performing the analysis.\n",
    "\n"
   ]
  },
  {
   "cell_type": "markdown",
   "metadata": {},
   "source": [
    "The first step in doing this is checking the correlation coefficient between our attributes."
   ]
  },
  {
   "cell_type": "code",
   "execution_count": 8,
   "metadata": {},
   "outputs": [
    {
     "data": {
      "text/html": [
       "<div>\n",
       "<style scoped>\n",
       "    .dataframe tbody tr th:only-of-type {\n",
       "        vertical-align: middle;\n",
       "    }\n",
       "\n",
       "    .dataframe tbody tr th {\n",
       "        vertical-align: top;\n",
       "    }\n",
       "\n",
       "    .dataframe thead th {\n",
       "        text-align: right;\n",
       "    }\n",
       "</style>\n",
       "<table border=\"1\" class=\"dataframe\">\n",
       "  <thead>\n",
       "    <tr style=\"text-align: right;\">\n",
       "      <th></th>\n",
       "      <th>price</th>\n",
       "      <th>bedrooms</th>\n",
       "      <th>bathrooms</th>\n",
       "      <th>sqft_living</th>\n",
       "      <th>sqft_lot</th>\n",
       "      <th>floors</th>\n",
       "      <th>waterfront</th>\n",
       "      <th>view</th>\n",
       "      <th>condition</th>\n",
       "      <th>grade</th>\n",
       "      <th>sqft_above</th>\n",
       "      <th>yr_built</th>\n",
       "      <th>yr_renovated</th>\n",
       "      <th>zipcode</th>\n",
       "      <th>lat</th>\n",
       "      <th>long</th>\n",
       "      <th>sqft_living15</th>\n",
       "      <th>sqft_lot15</th>\n",
       "    </tr>\n",
       "  </thead>\n",
       "  <tbody>\n",
       "    <tr>\n",
       "      <th>price</th>\n",
       "      <td>1.000000</td>\n",
       "      <td>0.305489</td>\n",
       "      <td>0.526155</td>\n",
       "      <td>0.706189</td>\n",
       "      <td>0.084504</td>\n",
       "      <td>0.259505</td>\n",
       "      <td>0.274212</td>\n",
       "      <td>0.396862</td>\n",
       "      <td>0.034367</td>\n",
       "      <td>0.664146</td>\n",
       "      <td>0.612014</td>\n",
       "      <td>0.049345</td>\n",
       "      <td>0.122731</td>\n",
       "      <td>-0.049502</td>\n",
       "      <td>0.306607</td>\n",
       "      <td>0.021215</td>\n",
       "      <td>0.581572</td>\n",
       "      <td>0.079402</td>\n",
       "    </tr>\n",
       "    <tr>\n",
       "      <th>bedrooms</th>\n",
       "      <td>0.305489</td>\n",
       "      <td>1.000000</td>\n",
       "      <td>0.512243</td>\n",
       "      <td>0.573575</td>\n",
       "      <td>0.025460</td>\n",
       "      <td>0.180485</td>\n",
       "      <td>-0.005833</td>\n",
       "      <td>0.080577</td>\n",
       "      <td>0.020074</td>\n",
       "      <td>0.354243</td>\n",
       "      <td>0.474272</td>\n",
       "      <td>0.153229</td>\n",
       "      <td>0.017430</td>\n",
       "      <td>-0.147255</td>\n",
       "      <td>-0.005917</td>\n",
       "      <td>0.129370</td>\n",
       "      <td>0.390720</td>\n",
       "      <td>0.025217</td>\n",
       "    </tr>\n",
       "    <tr>\n",
       "      <th>bathrooms</th>\n",
       "      <td>0.526155</td>\n",
       "      <td>0.512243</td>\n",
       "      <td>1.000000</td>\n",
       "      <td>0.753846</td>\n",
       "      <td>0.080362</td>\n",
       "      <td>0.505187</td>\n",
       "      <td>0.065688</td>\n",
       "      <td>0.180923</td>\n",
       "      <td>-0.130287</td>\n",
       "      <td>0.664748</td>\n",
       "      <td>0.685677</td>\n",
       "      <td>0.504841</td>\n",
       "      <td>0.046988</td>\n",
       "      <td>-0.199625</td>\n",
       "      <td>0.029930</td>\n",
       "      <td>0.222755</td>\n",
       "      <td>0.569290</td>\n",
       "      <td>0.081984</td>\n",
       "    </tr>\n",
       "    <tr>\n",
       "      <th>sqft_living</th>\n",
       "      <td>0.706189</td>\n",
       "      <td>0.573575</td>\n",
       "      <td>0.753846</td>\n",
       "      <td>1.000000</td>\n",
       "      <td>0.165336</td>\n",
       "      <td>0.359407</td>\n",
       "      <td>0.111491</td>\n",
       "      <td>0.285506</td>\n",
       "      <td>-0.062319</td>\n",
       "      <td>0.764251</td>\n",
       "      <td>0.876176</td>\n",
       "      <td>0.314220</td>\n",
       "      <td>0.050232</td>\n",
       "      <td>-0.196537</td>\n",
       "      <td>0.058394</td>\n",
       "      <td>0.239521</td>\n",
       "      <td>0.756676</td>\n",
       "      <td>0.176820</td>\n",
       "    </tr>\n",
       "    <tr>\n",
       "      <th>sqft_lot</th>\n",
       "      <td>0.084504</td>\n",
       "      <td>0.025460</td>\n",
       "      <td>0.080362</td>\n",
       "      <td>0.165336</td>\n",
       "      <td>1.000000</td>\n",
       "      <td>-0.009924</td>\n",
       "      <td>0.025982</td>\n",
       "      <td>0.077073</td>\n",
       "      <td>-0.016036</td>\n",
       "      <td>0.108950</td>\n",
       "      <td>0.174216</td>\n",
       "      <td>0.051578</td>\n",
       "      <td>0.002147</td>\n",
       "      <td>-0.129494</td>\n",
       "      <td>-0.084304</td>\n",
       "      <td>0.231638</td>\n",
       "      <td>0.145393</td>\n",
       "      <td>0.718489</td>\n",
       "    </tr>\n",
       "    <tr>\n",
       "      <th>floors</th>\n",
       "      <td>0.259505</td>\n",
       "      <td>0.180485</td>\n",
       "      <td>0.505187</td>\n",
       "      <td>0.359407</td>\n",
       "      <td>-0.009924</td>\n",
       "      <td>1.000000</td>\n",
       "      <td>0.018382</td>\n",
       "      <td>0.027518</td>\n",
       "      <td>-0.261013</td>\n",
       "      <td>0.459843</td>\n",
       "      <td>0.529101</td>\n",
       "      <td>0.487052</td>\n",
       "      <td>-0.000720</td>\n",
       "      <td>-0.058130</td>\n",
       "      <td>0.058190</td>\n",
       "      <td>0.129769</td>\n",
       "      <td>0.281982</td>\n",
       "      <td>-0.013571</td>\n",
       "    </tr>\n",
       "    <tr>\n",
       "      <th>waterfront</th>\n",
       "      <td>0.274212</td>\n",
       "      <td>-0.005833</td>\n",
       "      <td>0.065688</td>\n",
       "      <td>0.111491</td>\n",
       "      <td>0.025982</td>\n",
       "      <td>0.018382</td>\n",
       "      <td>1.000000</td>\n",
       "      <td>0.409773</td>\n",
       "      <td>0.016454</td>\n",
       "      <td>0.083034</td>\n",
       "      <td>0.077165</td>\n",
       "      <td>-0.024068</td>\n",
       "      <td>0.087800</td>\n",
       "      <td>0.030391</td>\n",
       "      <td>-0.015935</td>\n",
       "      <td>-0.042324</td>\n",
       "      <td>0.090588</td>\n",
       "      <td>0.029636</td>\n",
       "    </tr>\n",
       "    <tr>\n",
       "      <th>view</th>\n",
       "      <td>0.396862</td>\n",
       "      <td>0.080577</td>\n",
       "      <td>0.180923</td>\n",
       "      <td>0.285506</td>\n",
       "      <td>0.077073</td>\n",
       "      <td>0.027518</td>\n",
       "      <td>0.409773</td>\n",
       "      <td>1.000000</td>\n",
       "      <td>0.046354</td>\n",
       "      <td>0.248679</td>\n",
       "      <td>0.170726</td>\n",
       "      <td>-0.056645</td>\n",
       "      <td>0.098386</td>\n",
       "      <td>0.086479</td>\n",
       "      <td>0.008403</td>\n",
       "      <td>-0.078500</td>\n",
       "      <td>0.277778</td>\n",
       "      <td>0.071496</td>\n",
       "    </tr>\n",
       "    <tr>\n",
       "      <th>condition</th>\n",
       "      <td>0.034367</td>\n",
       "      <td>0.020074</td>\n",
       "      <td>-0.130287</td>\n",
       "      <td>-0.062319</td>\n",
       "      <td>-0.016036</td>\n",
       "      <td>-0.261013</td>\n",
       "      <td>0.016454</td>\n",
       "      <td>0.046354</td>\n",
       "      <td>1.000000</td>\n",
       "      <td>-0.147810</td>\n",
       "      <td>-0.157958</td>\n",
       "      <td>-0.366938</td>\n",
       "      <td>-0.060845</td>\n",
       "      <td>0.001685</td>\n",
       "      <td>-0.022250</td>\n",
       "      <td>-0.105823</td>\n",
       "      <td>-0.096336</td>\n",
       "      <td>-0.005139</td>\n",
       "    </tr>\n",
       "    <tr>\n",
       "      <th>grade</th>\n",
       "      <td>0.664146</td>\n",
       "      <td>0.354243</td>\n",
       "      <td>0.664748</td>\n",
       "      <td>0.764251</td>\n",
       "      <td>0.108950</td>\n",
       "      <td>0.459843</td>\n",
       "      <td>0.083034</td>\n",
       "      <td>0.248679</td>\n",
       "      <td>-0.147810</td>\n",
       "      <td>1.000000</td>\n",
       "      <td>0.758289</td>\n",
       "      <td>0.443286</td>\n",
       "      <td>0.011795</td>\n",
       "      <td>-0.184120</td>\n",
       "      <td>0.117425</td>\n",
       "      <td>0.200680</td>\n",
       "      <td>0.717031</td>\n",
       "      <td>0.116671</td>\n",
       "    </tr>\n",
       "    <tr>\n",
       "      <th>sqft_above</th>\n",
       "      <td>0.612014</td>\n",
       "      <td>0.474272</td>\n",
       "      <td>0.685677</td>\n",
       "      <td>0.876176</td>\n",
       "      <td>0.174216</td>\n",
       "      <td>0.529101</td>\n",
       "      <td>0.077165</td>\n",
       "      <td>0.170726</td>\n",
       "      <td>-0.157958</td>\n",
       "      <td>0.758289</td>\n",
       "      <td>1.000000</td>\n",
       "      <td>0.418850</td>\n",
       "      <td>0.018888</td>\n",
       "      <td>-0.257359</td>\n",
       "      <td>0.009045</td>\n",
       "      <td>0.342034</td>\n",
       "      <td>0.732636</td>\n",
       "      <td>0.185505</td>\n",
       "    </tr>\n",
       "    <tr>\n",
       "      <th>yr_built</th>\n",
       "      <td>0.049345</td>\n",
       "      <td>0.153229</td>\n",
       "      <td>0.504841</td>\n",
       "      <td>0.314220</td>\n",
       "      <td>0.051578</td>\n",
       "      <td>0.487052</td>\n",
       "      <td>-0.024068</td>\n",
       "      <td>-0.056645</td>\n",
       "      <td>-0.366938</td>\n",
       "      <td>0.443286</td>\n",
       "      <td>0.418850</td>\n",
       "      <td>1.000000</td>\n",
       "      <td>-0.223541</td>\n",
       "      <td>-0.344252</td>\n",
       "      <td>-0.144089</td>\n",
       "      <td>0.408623</td>\n",
       "      <td>0.322190</td>\n",
       "      <td>0.070430</td>\n",
       "    </tr>\n",
       "    <tr>\n",
       "      <th>yr_renovated</th>\n",
       "      <td>0.122731</td>\n",
       "      <td>0.017430</td>\n",
       "      <td>0.046988</td>\n",
       "      <td>0.050232</td>\n",
       "      <td>0.002147</td>\n",
       "      <td>-0.000720</td>\n",
       "      <td>0.087800</td>\n",
       "      <td>0.098386</td>\n",
       "      <td>-0.060845</td>\n",
       "      <td>0.011795</td>\n",
       "      <td>0.018888</td>\n",
       "      <td>-0.223541</td>\n",
       "      <td>1.000000</td>\n",
       "      <td>0.068396</td>\n",
       "      <td>0.032126</td>\n",
       "      <td>-0.070677</td>\n",
       "      <td>-0.005688</td>\n",
       "      <td>0.002519</td>\n",
       "    </tr>\n",
       "    <tr>\n",
       "      <th>zipcode</th>\n",
       "      <td>-0.049502</td>\n",
       "      <td>-0.147255</td>\n",
       "      <td>-0.199625</td>\n",
       "      <td>-0.196537</td>\n",
       "      <td>-0.129494</td>\n",
       "      <td>-0.058130</td>\n",
       "      <td>0.030391</td>\n",
       "      <td>0.086479</td>\n",
       "      <td>0.001685</td>\n",
       "      <td>-0.184120</td>\n",
       "      <td>-0.257359</td>\n",
       "      <td>-0.344252</td>\n",
       "      <td>0.068396</td>\n",
       "      <td>1.000000</td>\n",
       "      <td>0.267763</td>\n",
       "      <td>-0.562154</td>\n",
       "      <td>-0.280086</td>\n",
       "      <td>-0.146111</td>\n",
       "    </tr>\n",
       "    <tr>\n",
       "      <th>lat</th>\n",
       "      <td>0.306607</td>\n",
       "      <td>-0.005917</td>\n",
       "      <td>0.029930</td>\n",
       "      <td>0.058394</td>\n",
       "      <td>-0.084304</td>\n",
       "      <td>0.058190</td>\n",
       "      <td>-0.015935</td>\n",
       "      <td>0.008403</td>\n",
       "      <td>-0.022250</td>\n",
       "      <td>0.117425</td>\n",
       "      <td>0.009045</td>\n",
       "      <td>-0.144089</td>\n",
       "      <td>0.032126</td>\n",
       "      <td>0.267763</td>\n",
       "      <td>1.000000</td>\n",
       "      <td>-0.133840</td>\n",
       "      <td>0.047319</td>\n",
       "      <td>-0.082980</td>\n",
       "    </tr>\n",
       "    <tr>\n",
       "      <th>long</th>\n",
       "      <td>0.021215</td>\n",
       "      <td>0.129370</td>\n",
       "      <td>0.222755</td>\n",
       "      <td>0.239521</td>\n",
       "      <td>0.231638</td>\n",
       "      <td>0.129769</td>\n",
       "      <td>-0.042324</td>\n",
       "      <td>-0.078500</td>\n",
       "      <td>-0.105823</td>\n",
       "      <td>0.200680</td>\n",
       "      <td>0.342034</td>\n",
       "      <td>0.408623</td>\n",
       "      <td>-0.070677</td>\n",
       "      <td>-0.562154</td>\n",
       "      <td>-0.133840</td>\n",
       "      <td>1.000000</td>\n",
       "      <td>0.339699</td>\n",
       "      <td>0.254721</td>\n",
       "    </tr>\n",
       "    <tr>\n",
       "      <th>sqft_living15</th>\n",
       "      <td>0.581572</td>\n",
       "      <td>0.390720</td>\n",
       "      <td>0.569290</td>\n",
       "      <td>0.756676</td>\n",
       "      <td>0.145393</td>\n",
       "      <td>0.281982</td>\n",
       "      <td>0.090588</td>\n",
       "      <td>0.277778</td>\n",
       "      <td>-0.096336</td>\n",
       "      <td>0.717031</td>\n",
       "      <td>0.732636</td>\n",
       "      <td>0.322190</td>\n",
       "      <td>-0.005688</td>\n",
       "      <td>-0.280086</td>\n",
       "      <td>0.047319</td>\n",
       "      <td>0.339699</td>\n",
       "      <td>1.000000</td>\n",
       "      <td>0.181315</td>\n",
       "    </tr>\n",
       "    <tr>\n",
       "      <th>sqft_lot15</th>\n",
       "      <td>0.079402</td>\n",
       "      <td>0.025217</td>\n",
       "      <td>0.081984</td>\n",
       "      <td>0.176820</td>\n",
       "      <td>0.718489</td>\n",
       "      <td>-0.013571</td>\n",
       "      <td>0.029636</td>\n",
       "      <td>0.071496</td>\n",
       "      <td>-0.005139</td>\n",
       "      <td>0.116671</td>\n",
       "      <td>0.185505</td>\n",
       "      <td>0.070430</td>\n",
       "      <td>0.002519</td>\n",
       "      <td>-0.146111</td>\n",
       "      <td>-0.082980</td>\n",
       "      <td>0.254721</td>\n",
       "      <td>0.181315</td>\n",
       "      <td>1.000000</td>\n",
       "    </tr>\n",
       "  </tbody>\n",
       "</table>\n",
       "</div>"
      ],
      "text/plain": [
       "                  price  bedrooms  bathrooms  sqft_living  sqft_lot    floors  \\\n",
       "price          1.000000  0.305489   0.526155     0.706189  0.084504  0.259505   \n",
       "bedrooms       0.305489  1.000000   0.512243     0.573575  0.025460  0.180485   \n",
       "bathrooms      0.526155  0.512243   1.000000     0.753846  0.080362  0.505187   \n",
       "sqft_living    0.706189  0.573575   0.753846     1.000000  0.165336  0.359407   \n",
       "sqft_lot       0.084504  0.025460   0.080362     0.165336  1.000000 -0.009924   \n",
       "floors         0.259505  0.180485   0.505187     0.359407 -0.009924  1.000000   \n",
       "waterfront     0.274212 -0.005833   0.065688     0.111491  0.025982  0.018382   \n",
       "view           0.396862  0.080577   0.180923     0.285506  0.077073  0.027518   \n",
       "condition      0.034367  0.020074  -0.130287    -0.062319 -0.016036 -0.261013   \n",
       "grade          0.664146  0.354243   0.664748     0.764251  0.108950  0.459843   \n",
       "sqft_above     0.612014  0.474272   0.685677     0.876176  0.174216  0.529101   \n",
       "yr_built       0.049345  0.153229   0.504841     0.314220  0.051578  0.487052   \n",
       "yr_renovated   0.122731  0.017430   0.046988     0.050232  0.002147 -0.000720   \n",
       "zipcode       -0.049502 -0.147255  -0.199625    -0.196537 -0.129494 -0.058130   \n",
       "lat            0.306607 -0.005917   0.029930     0.058394 -0.084304  0.058190   \n",
       "long           0.021215  0.129370   0.222755     0.239521  0.231638  0.129769   \n",
       "sqft_living15  0.581572  0.390720   0.569290     0.756676  0.145393  0.281982   \n",
       "sqft_lot15     0.079402  0.025217   0.081984     0.176820  0.718489 -0.013571   \n",
       "\n",
       "               waterfront      view  condition     grade  sqft_above  \\\n",
       "price            0.274212  0.396862   0.034367  0.664146    0.612014   \n",
       "bedrooms        -0.005833  0.080577   0.020074  0.354243    0.474272   \n",
       "bathrooms        0.065688  0.180923  -0.130287  0.664748    0.685677   \n",
       "sqft_living      0.111491  0.285506  -0.062319  0.764251    0.876176   \n",
       "sqft_lot         0.025982  0.077073  -0.016036  0.108950    0.174216   \n",
       "floors           0.018382  0.027518  -0.261013  0.459843    0.529101   \n",
       "waterfront       1.000000  0.409773   0.016454  0.083034    0.077165   \n",
       "view             0.409773  1.000000   0.046354  0.248679    0.170726   \n",
       "condition        0.016454  0.046354   1.000000 -0.147810   -0.157958   \n",
       "grade            0.083034  0.248679  -0.147810  1.000000    0.758289   \n",
       "sqft_above       0.077165  0.170726  -0.157958  0.758289    1.000000   \n",
       "yr_built        -0.024068 -0.056645  -0.366938  0.443286    0.418850   \n",
       "yr_renovated     0.087800  0.098386  -0.060845  0.011795    0.018888   \n",
       "zipcode          0.030391  0.086479   0.001685 -0.184120   -0.257359   \n",
       "lat             -0.015935  0.008403  -0.022250  0.117425    0.009045   \n",
       "long            -0.042324 -0.078500  -0.105823  0.200680    0.342034   \n",
       "sqft_living15    0.090588  0.277778  -0.096336  0.717031    0.732636   \n",
       "sqft_lot15       0.029636  0.071496  -0.005139  0.116671    0.185505   \n",
       "\n",
       "               yr_built  yr_renovated   zipcode       lat      long  \\\n",
       "price          0.049345      0.122731 -0.049502  0.306607  0.021215   \n",
       "bedrooms       0.153229      0.017430 -0.147255 -0.005917  0.129370   \n",
       "bathrooms      0.504841      0.046988 -0.199625  0.029930  0.222755   \n",
       "sqft_living    0.314220      0.050232 -0.196537  0.058394  0.239521   \n",
       "sqft_lot       0.051578      0.002147 -0.129494 -0.084304  0.231638   \n",
       "floors         0.487052     -0.000720 -0.058130  0.058190  0.129769   \n",
       "waterfront    -0.024068      0.087800  0.030391 -0.015935 -0.042324   \n",
       "view          -0.056645      0.098386  0.086479  0.008403 -0.078500   \n",
       "condition     -0.366938     -0.060845  0.001685 -0.022250 -0.105823   \n",
       "grade          0.443286      0.011795 -0.184120  0.117425  0.200680   \n",
       "sqft_above     0.418850      0.018888 -0.257359  0.009045  0.342034   \n",
       "yr_built       1.000000     -0.223541 -0.344252 -0.144089  0.408623   \n",
       "yr_renovated  -0.223541      1.000000  0.068396  0.032126 -0.070677   \n",
       "zipcode       -0.344252      0.068396  1.000000  0.267763 -0.562154   \n",
       "lat           -0.144089      0.032126  0.267763  1.000000 -0.133840   \n",
       "long           0.408623     -0.070677 -0.562154 -0.133840  1.000000   \n",
       "sqft_living15  0.322190     -0.005688 -0.280086  0.047319  0.339699   \n",
       "sqft_lot15     0.070430      0.002519 -0.146111 -0.082980  0.254721   \n",
       "\n",
       "               sqft_living15  sqft_lot15  \n",
       "price               0.581572    0.079402  \n",
       "bedrooms            0.390720    0.025217  \n",
       "bathrooms           0.569290    0.081984  \n",
       "sqft_living         0.756676    0.176820  \n",
       "sqft_lot            0.145393    0.718489  \n",
       "floors              0.281982   -0.013571  \n",
       "waterfront          0.090588    0.029636  \n",
       "view                0.277778    0.071496  \n",
       "condition          -0.096336   -0.005139  \n",
       "grade               0.717031    0.116671  \n",
       "sqft_above          0.732636    0.185505  \n",
       "yr_built            0.322190    0.070430  \n",
       "yr_renovated       -0.005688    0.002519  \n",
       "zipcode            -0.280086   -0.146111  \n",
       "lat                 0.047319   -0.082980  \n",
       "long                0.339699    0.254721  \n",
       "sqft_living15       1.000000    0.181315  \n",
       "sqft_lot15          0.181315    1.000000  "
      ]
     },
     "execution_count": 8,
     "metadata": {},
     "output_type": "execute_result"
    }
   ],
   "source": [
    "# Calculate the correlation coefficient\n",
    "data.corr()"
   ]
  },
  {
   "cell_type": "markdown",
   "metadata": {},
   "source": [
    "Below i will plot a heatmap to give us a visual summary of the correlation coefficient."
   ]
  },
  {
   "cell_type": "code",
   "execution_count": null,
   "metadata": {},
   "outputs": [],
   "source": []
  },
  {
   "cell_type": "code",
   "execution_count": 8,
   "metadata": {},
   "outputs": [
    {
     "data": {
      "text/plain": [
       "price            1.000000\n",
       "sqft_living      0.701917\n",
       "grade            0.667951\n",
       "sqft_above       0.605368\n",
       "sqft_living15    0.585241\n",
       "bathrooms        0.525906\n",
       "view             0.395734\n",
       "bedrooms         0.308787\n",
       "lat              0.306692\n",
       "waterfront       0.276295\n",
       "floors           0.256804\n",
       "yr_renovated     0.129599\n",
       "sqft_lot         0.089876\n",
       "sqft_lot15       0.082845\n",
       "yr_built         0.053953\n",
       "zipcode          0.053402\n",
       "condition        0.036056\n",
       "long             0.022036\n",
       "Name: price, dtype: float64"
      ]
     },
     "execution_count": 8,
     "metadata": {},
     "output_type": "execute_result"
    }
   ],
   "source": [
    "target_corr =  data.corr()['price'].map(abs).sort_values(ascending=False)\n",
    "target_corr\n"
   ]
  },
  {
   "cell_type": "code",
   "execution_count": null,
   "metadata": {},
   "outputs": [],
   "source": []
  }
 ],
 "metadata": {
  "kernelspec": {
   "display_name": "Python 3.8.5 ('learn-env')",
   "language": "python",
   "name": "python3"
  },
  "language_info": {
   "codemirror_mode": {
    "name": "ipython",
    "version": 3
   },
   "file_extension": ".py",
   "mimetype": "text/x-python",
   "name": "python",
   "nbconvert_exporter": "python",
   "pygments_lexer": "ipython3",
   "version": "3.8.5"
  },
  "orig_nbformat": 4,
  "vscode": {
   "interpreter": {
    "hash": "ff5bd1ff2aaa6effda844bcf32cfa8c584329848a0ac5a2267b934b310743680"
   }
  }
 },
 "nbformat": 4,
 "nbformat_minor": 2
}
